function [m,ko,kv,co,cv,a,b,Lo1,Lo2,Lv1,Lv2,Xb,wxb,Yb,wyb] = loadModelPar()
m = 3;
ko = 1706.0761;
kv = 735.75;
co = 0;
cv = 0;
a = 0.050738;
b = 0.1;
Lo1 = 0.067481;
Lo2 = 0.067481;
Lv1 = 0.133;
Lv2 = 0.133;
Xb = 0.017678;
wxb = 62;
Yb = 0.017678;
wyb = 62;
end
